
center_x = -1.7649770808426535
center_y = -0.04208303095013267
resolution = 0.07104366111715035
max_iterations = 255
